class_cd	item_cd	variety_cd	grade_cd	grade_nm
100	111	01	04	상품
100	111	01	05	중품
100	111	01	07	유기농
100	111	01	08	무농약
100	111	01	09	저농약
100	111	02	07	유기농
100	111	02	08	무농약
100	111	03	07	유기농
100	111	03	08	무농약
100	111	05	04	상품
100	111	05	05	중품
100	111	10	04	상품
100	111	11	04	상품
100	112	01	04	상품
100	112	01	05	중품
100	112	01	07	유기농
100	112	01	08	무농약
100	113	00	07	유기농
100	113	00	08	무농약
100	114	01	07	유기농
100	114	01	08	무농약
100	121	02	05	중품
100	141	01	04	상품
100	141	01	05	중품
100	141	01	07	유기농
100	141	01	08	무농약
100	141	02	04	상품
100	141	02	05	중품
100	141	03	05	중품
100	142	00	04	상품
100	142	00	05	중품
100	142	01	05	중품
100	143	00	04	상품
100	143	00	05	중품
100	143	01	05	중품
100	144	01	05	중품
100	151	00	04	상품
100	151	00	05	중품
100	151	00	07	유기농
100	151	00	08	무농약
100	151	00	09	저농약
100	152	00	04	상품
100	152	00	05	중품
100	152	01	04	상품
100	152	01	05	중품
100	152	01	07	유기농
100	152	01	08	무농약
100	152	01	09	저농약
100	152	02	04	상품
100	152	02	05	중품
100	152	03	04	상품
100	152	03	05	중품
100	152	04	04	상품
100	152	04	05	중품
100	152	05	04	상품
100	152	05	05	중품
100	152	06	04	상품
100	152	06	05	중품
100	161	01	07	유기농
100	161	01	08	무농약
100	162	01	07	유기농
100	162	01	08	무농약
100	163	01	07	유기농
100	163	01	08	무농약
100	164	01	07	유기농
100	164	01	08	무농약
200	211	01	04	상품
200	211	01	05	중품
200	211	01	07	유기농
200	211	01	08	무농약
200	211	01	09	저농약
200	211	02	04	상품
200	211	02	05	중품
200	211	03	04	상품
200	211	03	05	중품
200	211	06	04	상품
200	211	06	05	중품
200	212	00	04	상품
200	212	00	05	중품
200	212	00	07	유기농
200	212	00	08	무농약
200	212	00	09	저농약
200	213	00	04	상품
200	213	00	05	중품
200	213	00	07	유기농
200	213	00	08	무농약
200	213	00	09	저농약
200	214	01	04	상품
200	214	01	05	중품
200	214	01	07	유기농
200	214	01	08	무농약
200	214	01	09	저농약
200	214	02	04	상품
200	214	02	05	중품
200	214	02	07	유기농
200	214	02	08	무농약
200	214	02	09	저농약
200	215	00	04	상품
200	215	00	05	중품
200	216	00	04	상품
200	217	01	07	유기농
200	217	01	08	무농약
200	218	01	07	유기농
200	218	01	08	무농약
200	221	00	04	상품
200	221	00	05	중품
200	221	00	07	유기농
200	221	00	08	무농약
200	222	00	04	상품
200	222	00	05	중품
200	222	00	07	유기농
200	222	00	08	무농약
200	222	00	09	저농약
200	223	01	04	상품
200	223	01	05	중품
200	223	01	07	유기농
200	223	01	08	무농약
200	223	01	09	저농약
200	223	02	04	상품
200	223	02	05	중품
200	223	02	07	유기농
200	223	02	08	무농약
200	223	02	09	저농약
200	223	03	04	상품
200	223	03	05	중품
200	223	03	07	유기농
200	223	03	08	무농약
200	223	03	09	저농약
200	224	01	04	상품
200	224	01	05	중품
200	224	01	07	유기농
200	224	01	08	무농약
200	224	01	09	저농약
200	224	02	04	상품
200	224	02	05	중품
200	224	03	07	유기농
200	224	03	08	무농약
200	225	00	04	상품
200	225	00	05	중품
200	225	00	07	유기농
200	225	00	08	무농약
200	225	00	09	저농약
200	226	00	04	상품
200	226	00	05	중품
200	226	00	07	유기농
200	226	00	08	무농약
200	226	00	09	저농약
200	231	01	04	상품
200	231	01	05	중품
200	231	01	07	유기농
200	231	01	08	무농약
200	231	01	09	저농약
200	231	02	04	상품
200	231	02	05	중품
200	231	03	04	상품
200	231	03	05	중품
200	231	06	04	상품
200	231	06	05	중품
200	232	00	04	상품
200	232	00	05	중품
200	232	00	07	유기농
200	232	00	08	무농약
200	232	01	04	상품
200	232	01	05	중품
200	232	01	07	유기농
200	232	01	08	무농약
200	232	01	09	저농약
200	232	02	04	상품
200	232	02	05	중품
200	232	02	07	유기농
200	232	02	08	무농약
200	232	02	09	저농약
200	232	10	05	중품
200	233	00	04	상품
200	233	00	05	중품
200	241	00	04	상품
200	241	00	05	중품
200	241	01	04	상품
200	241	01	05	중품
200	241	02	04	상품
200	241	02	05	중품
200	241	03	04	상품
200	241	03	05	중품
200	241	10	05	중품
200	242	00	04	상품
200	242	00	05	중품
200	242	00	07	유기농
200	242	00	08	무농약
200	242	00	09	저농약
200	242	02	04	상품
200	242	02	05	중품
200	242	02	07	유기농
200	242	02	08	무농약
200	242	02	09	저농약
200	242	03	04	상품
200	242	03	05	중품
200	242	03	07	유기농
200	242	03	08	무농약
200	242	04	04	상품
200	242	04	05	중품
200	242	04	07	유기농
200	242	04	08	무농약
200	243	00	04	상품
200	243	00	05	중품
200	244	01	04	상품
200	244	01	05	중품
200	244	02	04	상품
200	244	02	05	중품
200	244	03	04	상품
200	244	03	05	중품
200	244	04	04	상품
200	244	04	05	중품
200	244	06	04	상품
200	244	06	05	중품
200	244	07	04	상품
200	244	07	05	중품
200	244	08	04	상품
200	244	08	05	중품
200	244	11	04	상품
200	244	11	05	중품
200	244	12	04	상품
200	244	12	05	중품
200	244	21	04	상품
200	244	21	05	중품
200	244	22	04	상품
200	244	22	05	중품
200	244	23	04	상품
200	244	23	05	중품
200	244	24	04	상품
200	244	24	05	중품
200	245	00	04	상품
200	245	00	05	중품
200	245	00	07	유기농
200	245	00	08	무농약
200	245	00	09	저농약
200	245	02	04	상품
200	245	02	05	중품
200	245	02	07	유기농
200	245	02	08	무농약
200	245	02	09	저농약
200	245	10	05	중품
200	246	00	04	상품
200	246	00	05	중품
200	246	00	07	유기농
200	246	00	08	무농약
200	246	00	09	저농약
200	246	02	04	상품
200	246	02	05	중품
200	246	02	07	유기농
200	246	02	08	무농약
200	246	02	09	저농약
200	247	00	04	상품
200	247	00	05	중품
200	247	00	07	유기농
200	247	00	08	무농약
200	247	01	05	중품
200	248	00	04	상품
200	248	01	04	상품
200	251	00	04	상품
200	251	00	05	중품
200	251	00	07	유기농
200	251	00	08	무농약
200	251	00	09	저농약
200	252	00	04	상품
200	252	00	05	중품
200	252	00	07	유기농
200	252	00	08	무농약
200	252	00	09	저농약
200	253	00	04	상품
200	253	00	05	중품
200	253	00	07	유기농
200	253	00	08	무농약
200	253	00	09	저농약
200	254	00	04	상품
200	254	00	05	중품
200	254	00	07	유기농
200	254	00	08	무농약
200	254	00	09	저농약
200	255	00	04	상품
200	255	00	05	중품
200	255	00	07	유기농
200	255	00	08	무농약
200	255	00	09	저농약
200	256	00	04	상품
200	256	00	05	중품
200	256	00	07	유기농
200	256	00	08	무농약
200	256	00	09	저농약
200	257	00	04	상품
200	257	00	05	중품
200	257	00	07	유기농
200	257	00	08	무농약
200	258	01	04	상품
200	258	01	05	중품
200	258	01	07	유기농
200	258	01	08	무농약
200	258	03	04	상품
200	258	03	05	중품
200	258	04	04	상품
200	258	04	05	중품
200	258	05	04	상품
200	258	05	05	중품
200	258	06	04	상품
200	258	06	05	중품
200	259	01	05	중품
200	259	03	04	상품
200	259	03	05	중품
200	261	01	07	유기농
200	261	01	08	무농약
200	262	01	07	유기농
200	262	01	08	무농약
200	263	01	07	유기농
200	263	01	08	무농약
200	264	01	07	유기농
200	264	01	08	무농약
200	265	01	07	유기농
200	265	01	08	무농약
200	266	01	04	상품
200	266	01	05	중품
200	266	02	04	상품
200	266	02	05	중품
200	266	03	04	상품
200	266	03	05	중품
200	266	04	04	상품
200	266	04	05	중품
200	279	00	04	상품
200	279	00	05	중품
200	280	00	04	상품
200	280	00	05	중품
200	422	01	04	상품
200	422	01	05	중품
200	422	01	07	유기농
200	422	01	08	무농약
200	422	01	09	저농약
200	422	02	04	상품
200	422	02	05	중품
300	312	01	04	상품
300	312	01	05	중품
300	312	02	05	중품
300	312	03	05	중품
300	313	01	04	상품
300	313	01	05	중품
300	313	02	05	중품
300	314	01	04	상품
300	314	01	05	중품
300	314	02	05	중품
300	315	00	04	상품
300	315	00	05	중품
300	315	00	07	유기농
300	315	00	08	무농약
300	315	01	04	상품
300	315	01	05	중품
300	316	00	04	상품
300	316	00	05	중품
300	316	00	07	유기농
300	316	00	08	무농약
300	316	00	09	저농약
300	317	00	04	상품
300	317	00	05	중품
300	317	00	07	유기농
300	317	00	08	무농약
300	318	00	05	중품
300	319	00	05	중품
300	321	01	07	유기농
300	321	01	08	무농약
300	322	01	07	유기농
300	322	01	08	무농약
300	351	01	04	상품
300	351	02	04	상품
300	351	03	04	상품
300	351	04	04	상품
300	352	01	04	상품
300	352	02	04	상품
300	353	01	04	상품
300	353	02	04	상품
300	353	06	04	상품
300	353	07	04	상품
300	353	08	04	상품
300	353	11	04	상품
300	353	12	04	상품
300	353	13	04	상품
300	353	14	04	상품
300	353	15	04	상품
300	353	16	04	상품
300	354	01	04	상품
300	354	02	04	상품
300	354	03	04	상품
300	354	04	04	상품
300	355	01	04	상품
300	355	02	04	상품
300	355	03	04	상품
300	356	01	04	상품
300	356	02	04	상품
300	356	03	04	상품
300	356	04	04	상품
300	356	05	04	상품
300	356	06	04	상품
300	357	00	04	상품
300	357	01	04	상품
300	357	02	04	상품
300	357	03	04	상품
300	358	01	04	상품
300	358	03	04	상품
300	358	04	04	상품
300	358	05	04	상품
400	411	01	04	상품
400	411	01	05	중품
400	411	05	04	상품
400	411	05	05	중품
400	411	05	07	유기농
400	411	05	08	무농약
400	411	05	09	저농약
400	411	06	04	상품
400	411	06	05	중품
400	411	06	07	유기농
400	411	06	08	무농약
400	411	06	09	저농약
400	411	07	04	상품
400	411	07	05	중품
400	412	01	04	상품
400	412	01	05	중품
400	412	01	07	유기농
400	412	01	08	무농약
400	412	01	09	저농약
400	412	02	04	상품
400	412	02	05	중품
400	412	03	04	상품
400	412	03	05	중품
400	412	04	04	상품
400	412	04	05	중품
400	413	01	04	상품
400	413	01	05	중품
400	413	04	04	상품
400	413	04	05	중품
400	413	05	04	상품
400	413	05	05	중품
400	414	01	07	유기농
400	414	01	08	무농약
400	414	01	09	저농약
400	414	01	24	L과
400	414	01	25	M과
400	414	02	24	L과
400	414	02	25	M과
400	414	03	04	상품
400	414	03	05	중품
400	414	06	24	L과
400	414	06	25	M과
400	414	07	04	상품
400	414	07	05	중품
400	414	08	04	상품
400	414	08	05	중품
400	414	09	04	상품
400	414	09	05	중품
400	414	10	04	상품
400	414	10	05	중품
400	414	11	04	상품
400	414	11	05	중품
400	414	12	24	L과
400	414	12	25	M과
400	415	00	04	상품
400	415	00	05	중품
400	415	00	07	유기농
400	415	00	08	무농약
400	415	00	09	저농약
400	415	01	13	S과
400	415	01	14	M과
400	415	01	15	M과
400	415	01	16	S과
400	415	02	13	S과
400	415	02	14	M과
400	415	02	15	M과
400	415	02	16	S과
400	416	00	04	상품
400	416	00	05	중품
400	416	00	07	유기농
400	416	00	08	무농약
400	418	02	04	상품
400	418	02	05	중품
400	419	01	04	상품
400	419	01	05	중품
400	419	02	04	상품
400	419	02	05	중품
400	420	02	04	상품
400	420	02	05	중품
400	421	02	04	상품
400	421	02	05	중품
400	421	03	04	상품
400	421	03	05	중품
400	421	04	04	상품
400	421	04	05	중품
400	421	05	04	상품
400	421	05	05	중품
400	421	06	04	상품
400	421	06	05	중품
400	423	00	04	상품
400	423	00	05	중품
400	424	00	04	상품
400	424	00	05	중품
400	425	00	04	상품
400	425	00	05	중품
400	426	00	05	중품
400	427	00	05	중품
400	428	00	04	상품
400	428	00	05	중품
400	429	01	07	유기농
400	429	01	08	무농약
400	430	00	04	상품
500	4301	21	1	1++등급
500	4301	21	2	1+등급
500	4301	21	3	1등급
500	4301	22	1	1++등급
500	4301	22	2	1+등급
500	4301	22	3	1등급
500	4301	36	1	1++등급
500	4301	36	2	1+등급
500	4301	36	3	1등급
500	4301	40	1	1++등급
500	4301	40	2	1+등급
500	4301	40	3	1등급
500	4301	50	1	1++등급
500	4301	50	2	1+등급
500	4301	50	3	1등급
500	4304	25	1	앞다리
500	4304	27	1	삼겹살
500	4304	28	1	갈비
500	4304	68	1	목심
500	4401	31	1	미국산
500	4401	31	2	호주산
500	4401	37	1	미국산
500	4401	37	2	호주산
500	4402	27	1	삼겹살
500	512	11	01	1등급
500	512	11	03	3등급
500	512	11	17	1+등급
500	512	12	01	1등급
500	512	12	03	3등급
500	512	12	17	1+등급
500	512	13	01	1등급
500	512	13	03	3등급
500	512	14	01	1등급
500	512	14	17	1+등급
500	512	15	01	1등급
500	512	15	17	1+등급
500	512	16	01	1등급
500	512	16	03	3등급
500	512	16	17	1+등급
500	512	21	10	냉장
500	512	21	11	냉동
500	512	22	10	냉장
500	512	22	11	냉동
500	512	23	10	냉장
500	512	23	11	냉동
500	512	24	11	냉동
500	512	31	10	냉장
500	512	31	11	냉동
500	512	32	10	냉장
500	512	32	11	냉동
500	512	33	10	냉장
500	512	33	11	냉동
500	512	34	10	냉장
500	512	34	11	냉동
500	514	00	05	중품
500	514	01	05	중품
500	514	02	05	중품
500	514	03	05	중품
500	514	04	05	중품
500	515	02	05	중품
500	515	02	07	유기농
500	515	02	12	무항생제
500	516	00	05	중품
500	516	00	07	유기농
500	516	00	12	무항생제
500	516	01	05	중품
500	516	02	04	상품
500	516	03	04	상품
500	516	04	04	상품
500	516	05	04	상품
500	516	06	05	중품
500	516	07	18	동물복지란
500	520	01	05	중품
500	520	02	05	중품
500	535	00	04	상품
500	9901	01	1	토종닭17호
500	9901	02	1	육계9호
500	9901	03	1	육계10호
500	9901	04	1	육계11호
500	9901	05	1	육계12호
500	9901	24	1	절단육
500	9901	99	1	육계(kg)
500	9903	21	1	일반란
500	9903	21	2	등급란
500	9903	23	1	일반란
500	9903	23	2	등급란
500	9908	01	1	흰우유
600	611	01	05	중품
600	611	02	05	중품
600	611	03	05	중품
600	611	04	05	중품
600	611	05	20	大
600	611	05	21	中
600	611	05	22	小
600	611	06	20	大
600	611	06	21	中
600	611	06	22	小
600	611	07	19	특大
600	611	07	20	大
600	611	07	21	中
600	611	08	20	大
600	612	01	05	중품
600	613	01	05	중품
600	613	01	20	大
600	613	01	21	中
600	613	02	05	중품
600	613	02	20	大
600	613	02	21	中
600	613	03	20	大
600	613	03	21	中
600	613	03	22	小
600	613	04	20	大
600	613	04	21	中
600	613	04	22	小
600	613	05	20	大
600	613	05	21	中
600	614	01	05	중품
600	614	04	05	중품
600	614	05	21	中
600	614	05	22	小
600	614	06	21	中
600	614	06	22	小
600	614	07	21	中
600	615	01	05	중품
600	615	02	05	중품
600	615	02	20	大
600	615	02	21	中
600	615	03	20	大
600	615	03	21	中
600	615	04	20	大
600	615	04	21	中
600	615	05	21	中
600	616	01	20	大
600	616	01	21	中
600	616	01	22	小
600	616	02	21	中
600	616	03	20	大
600	616	03	21	中
600	616	03	22	小
600	619	01	05	중품
600	619	02	05	중품
600	619	03	21	中
600	619	03	22	小
600	619	04	05	중품
600	619	04	21	中
600	619	04	22	小
600	619	05	05	중품
600	619	05	21	中
600	619	05	22	小
600	638	00	27	대멸
600	638	00	28	중멸
600	638	00	29	세멸
600	639	01	05	중품
600	639	02	05	중품
600	640	00	05	중품
600	641	00	05	중품
600	641	01	05	중품
600	642	00	04	상품
600	643	00	04	상품
600	644	00	04	상품
600	647	00	04	상품
600	648	00	05	중품
600	649	01	05	중품
600	649	04	05	중품
600	650	00	04	상품
600	651	00	04	상품
600	652	00	04	상품
600	653	00	05	중품
600	654	01	05	중품
600	656	00	04	상품
600	656	01	04	상품
600	656	02	04	상품
600	656	02	05	중품
600	656	03	04	상품
600	656	03	05	중품
600	656	04	05	중품
600	656	05	05	중품
600	658	01	04	상품
600	658	02	04	상품
600	659	01	04	상품
600	660	01	04	상품
600	661	00	04	상품
600	661	00	05	중품
600	662	00	05	중품
600	662	01	05	중품
600	663	01	05	중품
